25.92	23.46	27.64	25.22	23.16	23.74	24.02	23.81	21.17	25.66	19.89	23.55	26.55	26.59	23.41	24.99	24.39	28.77	25.93	24.22	25.13	23.56	25.79	22.89	23.02	28.63	22.64	23.39	23.03	22.53	21.78	27.54	25.88	23.25	23.46	21.10	25.53	30.31	19.96	22.40	22.98	29.00	24.13	25.88	23.57	21.56	25.06	23.98	28.29	23.70	25.35	22.68	23.11	23.85	26.92	27.93	23.90	20.43	24.60	23.73	24.70	22.00	27.05	27.11	26.53	25.94	26.11	26.53	28.10	27.47
25.44	26.68	28.60	29.81	24.70	26.09	24.71	23.95	23.68	25.51	22.33	25.19	28.57	28.37	22.26	26.05	28.29	28.03	30.95	27.21	26.81	24.83	26.09	26.55	24.79	28.99	25.14	23.09	27.83	23.45	23.49	27.65	26.02	28.83	27.11	24.47	25.29	27.16	23.04	24.65	26.61	26.95	23.47	27.48	24.16	24.62	24.50	25.52	30.49	23.62	26.75	25.64	23.58	26.17	27.31	29.58	26.05	22.57	25.04	28.39	25.51	25.84	29.32	24.63	27.38	26.04	28.17	28.46	26.63	30.11
21.07	21.26	23.34	27.14	21.21	22.50	19.16	20.56	18.49	21.02	18.73	20.04	24.21	23.90	19.12	21.68	25.40	23.25	23.69	20.62	22.19	21.23	21.96	22.18	22.99	23.48	21.71	20.27	20.73	19.75	19.26	21.20	22.73	23.05	19.63	19.80	22.47	22.10	19.19	23.57	19.74	23.12	19.04	20.21	19.10	20.52	19.48	20.36	22.06	18.71	20.85	23.16	18.45	23.57	21.84	24.07	23.26	20.37	21.24	26.04	22.56	21.47	23.70	20.05	20.83	22.47	22.19	23.55	24.75	23.55
21.55	18.45	20.23	22.48	19.36	20.20	19.04	18.42	19.41	24.15	18.45	18.92	22.55	21.70	19.06	20.26	21.75	24.51	21.24	20.02	22.23	20.25	22.15	21.41	20.23	23.21	16.88	18.17	20.20	20.48	18.14	21.52	18.44	19.34	18.79	17.79	19.24	19.73	18.13	21.80	20.76	21.67	18.31	19.65	17.28	20.03	19.05	20.53	19.27	18.85	22.23	20.41	16.21	20.61	21.12	21.22	20.02	19.66	18.34	21.52	22.13	19.94	22.06	21.25	19.18	23.04	19.00	19.82	24.92	21.71
16.29	15.23	17.03	19.72	16.03	17.37	17.29	14.53	16.89	20.76	16.94	15.79	20.46	18.05	16.49	16.83	17.94	18.23	17.91	17.39	17.97	19.37	17.57	18.34	18.39	18.42	15.39	17.24	15.99	17.30	15.33	18.38	15.50	16.33	15.02	17.89	16.56	18.03	17.26	17.16	17.80	16.95	16.08	17.02	14.44	17.52	16.96	20.14	16.94	16.00	17.49	17.25	14.55	18.15	17.46	17.56	16.18	16.53	16.14	18.15	15.10	16.54	19.02	18.10	17.33	18.22	16.20	16.69	19.91	18.27
15.00	15.99	15.50	17.92	14.15	16.78	15.61	15.26	17.00	17.43	14.90	14.41	16.70	16.30	15.51	15.84	16.41	15.43	16.96	17.28	17.61	16.43	16.20	16.14	15.46	18.44	13.49	15.83	15.08	17.11	14.91	18.84	15.95	16.03	14.90	17.46	15.11	17.05	15.39	15.28	15.30	14.17	15.74	14.17	15.71	17.08	16.40	16.93	15.74	14.66	16.48	16.12	13.08	16.11	15.76	15.71	15.26	16.79	14.88	16.76	16.58	15.90	16.55	15.92	15.27	17.41	14.34	15.85	18.87	17.45
13.76	13.00	14.31	16.07	14.08	15.44	14.21	13.80	14.50	16.09	13.08	13.46	16.18	13.98	13.95	14.01	14.30	13.02	14.98	16.00	17.17	13.98	13.71	14.44	13.27	15.63	13.61	13.75	13.88	15.28	14.68	16.10	13.91	13.43	16.01	15.90	14.53	15.30	13.36	14.02	14.27	12.12	14.41	13.42	13.94	15.77	16.18	13.81	14.80	13.91	13.49	14.86	11.84	13.62	13.22	15.27	13.70	13.77	12.26	13.45	15.45	15.35	13.35	15.41	13.85	15.67	12.59	13.50	16.79	15.39
12.89	13.02	13.36	16.19	13.61	13.05	12.99	13.83	13.23	16.15	12.83	13.51	16.09	14.31	13.27	14.31	13.77	12.57	13.90	14.80	14.76	13.26	13.13	12.84	12.58	16.01	14.29	13.56	13.68	13.25	15.45	15.20	12.07	14.74	15.27	15.06	13.22	16.09	12.72	12.50	13.86	10.99	12.70	11.74	12.22	17.12	14.35	13.14	14.01	11.68	13.12	13.47	12.27	11.26	11.82	14.82	12.83	12.82	13.77	13.49	14.12	14.93	13.16	14.17	13.74	15.40	12.18	13.05	15.29	15.78
19.06	16.50	18.85	18.85	16.97	18.85	19.09	19.31	17.41	22.25	18.02	18.26	22.60	20.26	18.01	20.40	17.27	17.04	19.50	22.47	19.04	17.72	19.83	17.38	16.27	23.41	16.54	16.88	18.25	20.19	19.26	20.06	16.12	19.29	20.27	21.44	19.58	21.62	18.09	17.39	18.11	15.98	18.16	15.56	18.57	19.93	20.18	17.78	15.93	15.91	17.65	18.60	18.65	16.30	17.85	19.07	19.00	18.17	20.36	17.42	20.25	20.39	18.53	19.54	18.85	20.56	17.80	17.56	19.33	21.57
23.16	19.86	23.00	22.27	18.13	20.93	20.10	20.29	18.82	25.46	20.33	22.05	23.94	24.17	23.82	23.24	19.52	18.54	23.65	26.57	21.52	22.13	24.56	21.23	19.42	26.99	19.81	19.92	23.74	23.25	23.59	24.71	18.61	19.94	23.83	25.54	21.95	23.39	21.43	20.02	20.91	18.80	19.43	18.07	22.40	20.67	22.16	20.22	18.63	18.64	20.29	19.29	21.61	18.87	20.22	24.10	21.70	19.62	22.13	21.48	23.85	25.87	22.15	21.42	20.80	21.59	20.90	23.61	22.12	23.76
23.54	21.24	25.66	22.63	19.29	24.87	23.91	24.12	19.92	26.81	21.97	22.52	25.01	25.43	27.71	25.56	20.07	21.62	21.85	26.32	24.27	23.22	28.50	23.82	23.63	27.57	20.63	22.17	27.26	23.80	22.75	25.68	21.10	22.99	22.65	27.97	23.69	23.34	22.21	22.00	22.27	22.09	22.35	21.05	25.85	26.22	23.09	23.14	19.60	24.37	19.46	20.96	22.13	20.53	22.02	23.16	22.06	23.53	23.77	24.26	26.67	25.43	25.23	24.37	22.52	25.82	23.87	22.69	24.92	26.84
27.75	24.76	32.04	27.13	23.74	28.54	28.30	27.87	22.36	28.79	24.62	23.89	30.17	27.68	29.80	26.89	25.57	26.76	25.57	30.11	29.20	25.86	32.52	26.18	25.27	32.49	25.68	25.50	26.58	30.21	28.98	31.76	25.78	27.69	27.04	30.58	27.33	28.37	27.44	27.32	26.24	25.75	26.40	23.65	29.06	28.83	27.77	27.15	24.93	31.92	24.80	23.87	27.99	23.80	24.48	26.31	28.31	25.49	26.96	26.75	29.22	29.63	27.56	25.12	28.35	29.94	31.37	25.17	28.47	34.02
28.28	23.15	28.51	26.87	24.06	26.65	25.88	24.66	21.31	26.86	23.58	22.38	24.97	24.26	27.94	26.98	23.79	26.10	24.25	29.21	27.05	26.21	30.02	26.52	25.31	29.51	26.55	24.43	25.37	25.43	28.56	33.53	24.39	25.37	22.93	31.24	25.68	26.81	29.53	27.02	26.81	24.79	24.24	21.88	29.19	25.15	27.62	24.38	23.09	29.48	23.92	22.85	27.28	22.55	21.24	26.11	27.48	23.02	22.85	24.08	25.83	26.53	25.06	23.52	28.06	28.56	27.88	21.78	25.27	30.80
31.43	22.83	31.03	34.89	27.85	25.83	28.47	27.85	24.01	28.79	27.14	25.76	29.73	24.59	27.48	26.57	27.48	27.13	27.06	24.72	29.60	27.37	27.90	29.72	27.58	32.84	26.16	25.45	25.57	27.51	29.78	34.02	26.67	24.99	26.50	27.95	25.24	28.43	30.96	29.22	27.93	27.54	27.29	24.92	30.77	25.17	28.78	27.89	23.99	30.66	26.78	25.44	29.11	25.50	24.34	25.84	27.32	23.61	23.33	26.49	28.21	27.32	27.47	25.45	32.18	29.41	32.11	27.43	27.99	32.01
27.38	19.47	22.41	26.47	22.26	20.10	23.15	22.16	20.19	22.28	22.53	19.37	24.56	21.31	22.15	21.54	21.58	19.80	22.18	21.83	23.75	21.60	25.03	24.04	23.33	26.38	21.69	18.58	21.39	21.41	21.79	24.77	21.30	21.71	22.14	23.17	18.87	23.20	27.01	22.82	22.43	21.86	24.53	22.04	25.34	21.49	23.97	21.38	20.20	22.06	21.64	22.55	25.11	20.13	21.18	21.42	22.35	19.09	19.54	23.96	24.39	23.40	21.83	21.42	24.47	26.42	25.15	23.18	24.79	26.38
22.12	20.83	22.25	21.88	20.66	19.66	21.79	18.28	19.53	20.16	21.73	18.85	22.85	19.74	21.05	17.80	20.83	19.52	19.58	19.13	20.48	19.78	26.84	22.29	21.23	24.32	20.99	17.34	18.51	18.48	21.17	23.89	19.74	19.64	23.40	22.05	18.07	19.51	22.44	21.14	20.40	19.08	22.53	19.51	21.62	20.57	20.80	18.86	18.73	23.35	22.94	22.03	21.78	17.89	20.14	20.81	21.61	19.34	20.68	21.66	24.58	20.31	18.65	18.73	22.64	20.44	23.29	21.51	24.51	23.17
18.14	16.70	17.49	15.39	17.25	17.74	20.18	16.05	17.84	16.10	16.90	17.33	18.83	18.45	17.61	15.94	20.23	17.68	16.31	16.54	18.97	17.54	23.69	16.62	18.74	19.65	18.31	15.57	15.12	15.36	21.45	19.14	17.27	16.06	19.05	19.50	17.29	19.51	17.76	17.62	17.90	17.10	20.16	17.62	18.15	18.33	16.79	18.15	15.68	18.90	20.53	17.78	18.16	17.21	17.41	16.03	18.35	17.84	18.10	17.19	17.64	18.86	16.06	16.25	18.11	17.98	16.73	19.14	20.48	20.11
19.38	15.14	15.96	14.87	15.76	15.74	18.83	16.77	16.69	14.05	15.18	15.36	17.22	18.45	15.92	15.97	20.71	17.03	15.03	15.83	20.20	15.87	20.01	15.90	16.46	15.15	17.81	16.53	14.72	15.52	20.18	15.85	15.18	13.91	16.89	18.27	17.23	16.31	16.90	15.86	16.32	14.99	18.28	15.94	16.28	16.38	16.71	16.28	14.71	15.29	17.61	16.06	15.82	15.87	18.38	15.46	16.17	15.64	16.17	15.67	16.91	15.42	15.78	15.60	16.72	15.13	16.97	17.15	18.92	17.17
15.87	12.96	15.23	12.13	14.06	13.69	15.27	15.26	15.08	13.83	14.82	14.33	16.56	17.00	15.06	13.08	17.88	14.10	15.06	15.32	17.36	15.43	17.45	14.43	15.23	13.61	16.21	14.93	14.82	15.13	16.16	14.46	14.11	13.52	15.53	16.69	17.29	13.47	15.29	14.94	14.83	14.29	14.39	16.47	15.84	13.81	15.85	15.66	13.28	14.29	15.51	15.82	14.42	16.27	16.84	14.30	13.78	14.92	14.93	15.05	15.19	12.96	16.08	14.10	14.20	13.95	16.75	16.73	16.30	16.46
15.88	13.32	14.52	11.74	14.03	14.25	14.84	15.06	13.89	12.47	15.16	15.72	15.50	15.30	14.85	12.30	16.50	14.40	14.70	14.70	15.04	13.67	15.53	14.17	14.30	13.98	14.09	14.13	15.13	15.94	13.78	15.41	14.43	13.02	15.19	13.28	14.78	11.97	14.00	14.21	13.07	13.37	13.64	16.16	14.29	13.86	14.69	16.14	12.49	13.64	14.45	15.94	14.23	15.22	14.99	14.03	14.15	15.37	15.60	13.86	13.51	14.02	15.45	13.78	13.66	13.87	15.17	16.19	15.23	17.55
22.76	16.75	18.67	16.79	18.35	18.87	20.99	21.76	19.38	17.89	19.55	21.60	20.61	20.50	17.35	16.82	20.29	20.70	20.11	18.86	21.13	17.50	22.49	18.79	21.38	19.93	19.83	18.56	19.55	18.40	18.81	19.85	20.40	17.75	22.06	18.43	20.51	18.27	19.41	18.14	15.22	19.24	19.95	21.64	19.31	17.57	20.57	20.22	16.52	18.22	19.67	20.00	20.82	17.44	20.71	18.82	20.24	20.86	17.76	17.66	18.78	17.93	18.31	18.62	20.53	17.29	21.50	19.54	19.80	21.27
26.45	22.96	22.50	17.31	20.55	21.14	24.67	23.45	24.97	23.95	23.22	22.18	25.16	26.39	21.29	21.57	23.78	25.04	25.77	20.99	21.33	20.25	25.54	21.20	26.10	22.99	23.83	20.70	23.94	21.47	20.77	24.72	24.83	20.18	23.61	22.27	20.12	22.74	21.50	20.85	20.24	22.13	20.82	24.46	23.04	19.84	22.51	23.86	20.04	23.64	21.48	22.82	24.71	20.27	23.83	23.00	24.71	21.99	23.42	23.70	20.59	20.48	21.55	23.99	23.05	22.47	25.05	23.70	20.91	23.38
24.85	23.71	24.39	18.83	22.70	21.83	27.57	24.03	25.68	24.20	25.90	23.95	28.35	26.03	23.45	24.56	25.11	25.90	26.37	22.75	22.67	23.88	25.99	23.49	25.60	21.82	26.41	21.61	26.83	26.10	21.35	25.54	26.63	21.75	27.76	24.78	23.63	24.96	23.95	22.03	22.29	22.40	23.68	26.40	26.08	20.48	25.85	24.41	23.22	26.35	25.26	23.93	27.60	22.35	27.37	25.34	26.75	23.78	25.12	27.65	20.61	22.60	24.93	23.10	25.33	25.49	26.14	22.78	24.57	26.25
26.44	27.67	30.54	22.36	28.86	26.85	29.21	29.79	32.15	26.73	35.66	28.42	30.58	32.86	26.23	29.94	29.46	32.99	30.61	28.59	27.46	28.49	31.81	27.86	26.64	25.17	29.93	25.54	29.99	28.18	25.03	29.61	29.97	24.97	34.30	29.12	27.30	29.33	29.44	30.78	25.92	25.16	25.89	27.28	30.97	27.08	29.72	27.34	26.35	26.31	27.74	31.35	31.17	24.73	28.28	28.50	30.80	26.35	27.60	31.74	26.30	27.62	27.92	24.84	30.79	28.87	31.13	30.94	32.73	29.45
27.13	21.97	30.38	22.30	25.56	25.80	23.87	29.21	26.59	25.05	30.86	26.07	31.27	29.95	23.86	29.11	28.98	30.54	28.94	28.69	26.16	25.00	25.92	27.34	26.47	23.40	27.49	22.40	27.89	24.19	24.89	28.34	30.40	24.29	28.09	25.42	25.72	24.30	22.60	25.63	25.34	24.83	27.60	29.91	25.98	25.33	25.67	27.82	27.28	26.16	25.16	29.27	30.61	25.92	27.36	27.83	28.08	26.23	27.85	26.96	26.01	24.79	26.63	24.11	26.03	27.06	29.86	29.19	29.68	32.52
27.26	23.28	30.46	23.73	26.26	27.49	24.44	31.16	28.31	28.09	31.08	28.91	30.67	29.77	26.96	28.24	27.96	35.13	31.47	29.18	26.51	30.03	26.50	26.33	30.31	27.27	29.88	25.36	28.41	29.37	27.40	33.10	31.17	25.29	30.99	29.91	26.34	24.78	28.19	27.94	30.58	25.50	27.42	31.76	30.47	27.37	27.83	30.69	27.64	28.06	31.10	28.35	27.10	29.85	28.97	30.16	29.17	27.52	27.45	29.15	27.60	26.68	28.03	29.38	29.14	28.27	34.32	30.18	32.28	33.69
22.65	20.89	24.74	18.24	21.12	22.43	20.42	25.02	21.39	22.85	27.38	23.68	24.15	23.23	23.04	23.08	23.66	24.93	25.74	24.07	23.55	23.66	22.58	23.38	24.39	23.49	21.60	19.63	23.40	22.65	21.95	25.61	23.20	18.69	22.59	22.82	19.72	20.50	23.04	21.20	24.05	20.36	20.49	26.07	24.31	24.75	21.67	23.43	20.78	25.34	24.34	23.56	21.37	24.04	24.87	22.88	23.59	25.95	25.37	24.07	21.40	24.89	21.50	27.50	24.10	25.09	26.30	24.70	28.16	25.97
21.35	22.05	24.95	18.56	21.24	18.25	20.99	22.99	20.22	21.67	21.16	20.91	23.47	22.04	23.08	23.06	25.29	22.82	25.07	21.14	21.58	18.88	22.20	21.88	22.42	21.33	17.74	20.40	23.36	21.71	19.32	23.84	18.90	19.71	19.67	21.91	20.84	19.80	22.60	21.81	22.83	17.09	19.19	22.27	22.50	25.01	21.54	22.20	18.81	22.43	23.49	24.35	21.21	21.36	23.93	23.62	20.76	23.37	24.04	21.42	20.97	23.05	23.36	27.72	22.77	25.69	25.65	21.53	23.70	26.65
19.89	16.79	19.11	16.45	18.70	17.33	17.96	19.29	19.34	17.19	18.02	20.04	17.40	19.05	19.98	19.93	17.87	18.33	19.03	19.58	19.94	15.38	19.55	19.60	19.15	17.67	15.19	16.76	17.97	18.50	18.20	20.43	15.19	17.15	16.29	17.96	19.97	15.97	18.07	19.07	19.41	15.33	17.99	19.54	16.70	17.73	20.89	19.10	17.46	18.81	21.24	20.85	18.27	18.30	19.54	20.42	17.03	21.15	22.60	17.71	17.39	18.92	20.05	23.62	17.72	22.56	21.54	17.73	19.34	23.68
17.90	17.52	17.66	14.69	17.61	16.07	16.40	18.04	19.31	17.34	18.78	16.51	15.83	17.68	18.44	17.75	17.51	18.48	18.66	14.66	18.51	14.11	20.45	18.22	18.68	15.25	13.91	14.99	17.79	17.04	15.05	16.45	15.26	17.63	15.44	16.20	17.88	16.17	16.89	18.10	16.97	14.52	15.31	16.92	16.96	15.00	18.52	18.29	15.16	17.20	20.61	19.55	17.37	17.21	16.98	18.59	16.70	20.10	20.74	16.56	15.97	19.48	16.29	18.51	17.02	19.57	18.08	18.07	17.71	22.33
14.62	17.06	16.60	14.87	15.50	15.78	15.51	16.66	16.20	15.65	16.84	15.27	14.42	15.62	16.80	15.54	16.83	15.87	15.67	14.78	16.46	14.18	17.03	15.66	17.84	13.88	13.45	11.61	17.11	16.11	13.47	14.71	14.96	16.30	14.76	16.00	17.54	14.77	15.58	15.51	15.25	14.35	15.53	15.58	16.84	15.76	16.97	14.58	15.08	15.62	19.44	16.52	16.49	14.05	15.25	15.79	15.30	17.56	19.65	15.66	15.09	16.35	15.59	16.74	15.11	16.47	16.57	17.44	15.98	19.61
14.29	15.18	16.10	15.16	14.31	14.59	15.86	17.01	14.47	14.92	15.51	15.66	14.99	15.12	16.07	14.20	16.35	14.21	15.34	13.29	15.36	13.71	16.52	17.82	16.66	14.63	13.75	13.86	16.40	15.06	12.36	15.10	15.52	15.37	15.45	14.09	15.28	14.59	14.07	15.35	15.30	15.45	15.23	15.77	16.52	14.02	17.76	15.67	14.70	14.00	17.07	16.45	13.05	14.50	14.97	15.04	13.51	14.80	15.56	16.24	15.10	15.09	13.42	15.22	14.48	17.49	15.33	17.80	16.96	15.55
20.18	21.29	20.66	20.33	19.74	19.91	22.45	23.28	19.93	21.86	21.41	20.09	19.04	18.78	21.36	19.65	23.89	19.06	20.02	18.44	20.76	18.61	20.98	23.90	22.90	22.19	18.99	18.49	21.46	21.28	17.64	23.07	22.13	21.33	17.90	19.02	19.99	20.66	20.87	20.43	20.72	20.00	18.73	21.40	23.05	18.02	21.64	20.77	19.46	19.81	21.19	23.29	17.97	20.13	21.30	21.75	19.70	20.39	24.33	21.01	21.31	23.15	18.39	19.98	20.21	23.76	21.74	21.24	22.18	21.37
23.23	24.69	23.88	23.83	24.43	23.19	28.02	26.06	25.54	25.95	24.22	23.15	20.00	21.38	22.81	23.62	27.77	24.94	23.47	23.94	24.35	21.89	23.21	24.94	25.43	25.83	23.16	22.76	25.62	25.10	20.76	24.56	24.83	23.39	22.22	22.90	22.91	23.56	24.31	25.19	22.56	24.44	22.32	24.86	27.22	18.93	23.18	23.37	23.79	23.79	23.53	26.32	23.59	26.90	23.70	25.46	22.40	23.91	24.89	21.82	22.28	28.89	22.37	25.28	23.48	27.30	23.58	24.69	23.33	25.56
26.73	28.98	26.55	29.01	27.44	26.44	29.75	29.15	27.79	27.54	29.66	25.16	20.95	24.72	23.74	30.36	32.05	27.33	24.45	25.50	25.11	25.29	26.01	26.89	26.68	29.80	22.56	26.53	29.94	29.30	22.22	26.31	24.81	27.45	24.71	22.33	23.92	24.83	23.88	30.18	24.47	28.36	25.51	27.69	27.88	22.05	27.31	24.68	25.45	25.16	25.44	31.77	29.80	30.78	25.67	29.51	22.59	28.43	27.46	23.13	24.48	26.80	26.05	25.91	23.90	30.44	27.97	26.56	23.86	24.83
31.45	30.00	30.95	31.95	31.41	30.10	28.35	33.13	33.72	33.72	31.42	27.63	22.34	32.64	29.45	32.07	35.03	32.75	29.38	27.89	29.27	30.40	33.40	33.29	32.87	34.25	28.46	31.82	33.76	33.39	23.84	32.62	25.97	35.76	30.16	28.87	27.19	30.19	24.45	32.65	29.21	30.98	29.76	26.73	34.24	26.14	31.46	27.87	29.74	31.52	28.73	38.17	31.72	33.67	30.18	30.03	27.21	30.82	29.18	27.57	29.44	31.09	30.32	31.75	26.14	33.34	31.44	33.31	28.51	30.15
32.30	27.42	33.06	30.45	30.18	30.86	27.01	30.33	33.25	34.33	28.26	26.75	22.27	27.96	29.66	30.79	32.10	30.48	26.54	27.77	27.53	25.01	29.50	28.48	27.07	32.35	28.21	29.26	32.15	30.93	23.28	28.72	25.85	32.06	29.15	27.22	25.15	27.05	22.55	29.55	25.55	28.92	26.78	25.46	32.49	22.90	28.50	30.51	27.92	29.95	28.06	35.11	27.10	29.07	29.94	26.15	25.83	28.30	27.82	24.08	25.80	29.75	25.37	27.37	27.06	30.03	28.31	29.17	28.40	32.16
32.80	29.75	35.67	34.19	31.56	34.42	30.93	34.81	32.26	39.28	31.69	27.84	25.49	29.68	30.54	30.80	30.35	34.58	29.63	28.29	29.51	25.36	30.26	32.17	30.27	32.86	26.68	30.93	28.28	33.28	27.38	30.59	30.21	35.87	30.88	29.42	28.76	29.80	26.88	29.97	27.88	34.19	32.53	29.14	34.34	28.06	31.32	33.57	29.28	31.53	30.88	39.59	30.42	29.01	31.53	27.59	30.86	27.17	27.09	26.87	29.02	32.92	29.08	26.83	28.55	33.70	32.28	32.09	28.27	32.94
30.19	24.22	25.46	25.30	25.06	24.97	24.55	27.25	26.77	29.95	23.66	23.73	20.93	25.33	23.57	26.69	23.26	26.46	25.33	23.62	24.76	21.58	24.05	24.36	24.19	26.71	21.95	25.64	22.78	25.41	23.19	24.82	24.88	29.41	26.59	23.50	25.94	24.93	22.18	28.09	21.93	25.22	25.32	23.18	26.45	23.58	25.06	27.09	24.47	24.95	24.96	28.93	25.43	20.56	27.63	22.15	25.49	22.77	23.11	24.25	21.59	25.20	26.20	21.03	24.75	28.53	26.01	24.67	24.94	27.27
26.14	22.61	22.65	23.88	25.55	22.79	23.35	25.40	24.73	25.70	22.75	21.63	20.29	24.01	21.59	23.01	20.83	25.84	21.24	21.58	21.54	20.13	20.15	24.44	23.91	24.69	19.28	22.14	23.95	25.28	24.11	22.70	23.38	26.06	25.16	22.15	24.50	21.93	21.92	25.78	22.04	22.21	24.28	21.08	26.49	21.60	23.13	26.46	24.16	24.36	23.88	24.43	23.11	22.14	27.69	22.51	27.66	22.53	21.19	25.02	21.27	22.14	23.73	21.31	22.18	26.89	26.31	22.76	23.35	24.65
20.41	18.58	20.63	20.91	21.62	17.87	20.26	20.28	19.75	20.63	17.81	18.80	17.33	19.96	19.56	20.41	16.51	21.08	17.79	17.57	19.68	16.80	17.88	19.86	19.68	24.07	18.04	20.69	20.89	20.20	19.90	18.12	20.59	21.16	19.65	18.79	18.23	20.61	20.18	24.14	19.83	18.04	21.59	17.79	21.91	21.51	21.33	22.70	19.70	19.41	19.95	19.69	18.99	21.23	21.50	17.60	22.66	21.95	18.07	20.09	18.00	19.05	21.52	18.99	17.60	23.15	23.03	18.13	20.10	22.21
18.00	17.07	20.02	18.64	19.51	16.56	18.58	19.09	20.13	17.75	18.56	16.81	15.80	18.52	18.34	20.58	16.27	17.85	15.70	16.72	19.56	14.63	16.20	16.00	17.09	19.32	19.05	19.51	18.48	19.37	20.05	16.53	19.57	19.10	18.08	16.40	16.78	17.56	16.82	19.96	19.00	17.91	18.30	15.10	16.16	19.86	20.13	21.96	18.29	16.90	17.84	18.18	16.80	21.53	20.62	16.84	19.97	18.36	16.46	20.01	17.20	18.17	21.44	16.94	17.82	19.17	19.51	14.78	16.03	19.38
17.82	15.18	17.28	17.10	19.15	16.64	18.57	16.82	20.13	16.01	15.70	16.49	16.89	17.28	15.97	17.87	15.71	17.39	16.20	15.78	18.99	15.36	14.84	16.69	18.24	16.45	17.65	15.87	16.14	19.24	16.66	17.50	17.84	17.61	15.98	15.45	15.43	17.35	15.56	18.69	15.76	16.69	15.04	14.23	15.13	18.68	16.82	18.15	14.92	14.47	16.82	17.04	15.98	19.09	18.88	15.54	18.06	15.59	16.12	18.48	16.39	15.42	20.07	16.99	15.42	17.00	16.39	14.51	15.54	18.26
16.41	18.40	16.52	16.22	17.63	16.83	17.23	15.22	19.40	16.85	14.63	15.12	17.05	16.12	16.47	17.48	15.13	16.17	14.78	14.04	17.08	15.25	14.95	16.90	18.38	16.36	19.26	15.25	16.74	17.09	16.07	16.60	15.91	15.43	15.16	13.78	15.41	15.14	15.68	16.88	15.06	17.18	14.79	12.62	13.89	16.86	15.89	18.94	15.09	14.77	17.09	16.24	14.54	17.30	17.03	15.29	16.74	16.35	15.32	15.92	16.93	15.85	17.70	13.42	13.66	16.92	16.45	15.30	14.17	15.04
19.59	23.89	22.67	20.82	25.52	22.45	22.04	22.03	27.04	22.44	19.13	21.02	21.72	21.31	23.00	23.59	20.74	19.98	19.51	19.73	22.50	18.97	20.86	23.09	22.50	23.22	24.84	21.70	20.98	22.55	22.73	24.34	22.66	23.03	21.25	18.87	20.81	21.84	22.13	21.64	22.76	23.00	19.39	17.59	19.33	24.72	21.02	25.36	18.39	20.24	24.47	19.96	19.99	21.15	20.31	22.23	23.44	21.92	22.79	21.71	23.92	20.58	21.81	19.92	19.29	24.44	23.23	21.47	19.73	20.01
24.02	25.63	28.07	22.87	29.26	26.22	25.46	26.86	31.18	22.25	23.25	24.59	26.97	26.25	25.07	27.67	25.10	24.03	25.54	22.72	24.34	25.52	24.72	25.46	27.26	26.01	26.55	24.94	25.70	26.46	30.06	26.28	23.11	26.48	24.29	21.15	25.51	27.64	26.56	25.77	24.65	25.21	21.98	21.87	23.76	27.71	24.36	27.91	22.94	22.65	26.18	22.79	25.12	22.96	25.98	25.59	24.76	26.58	25.20	26.53	26.26	24.77	25.61	22.28	21.79	26.69	26.45	26.23	21.60	22.36
25.82	28.99	29.32	26.92	27.20	25.91	26.11	28.47	33.52	27.40	26.96	27.15	27.99	24.92	28.38	27.83	30.99	24.14	25.48	24.71	27.58	26.46	28.22	28.01	29.28	29.35	28.99	25.75	27.65	28.95	33.29	29.71	27.87	33.10	25.63	22.74	27.31	30.09	27.99	29.83	25.83	24.84	27.29	24.16	26.14	31.88	26.71	29.57	26.39	23.88	27.97	26.23	27.62	26.97	27.11	28.25	30.09	30.00	29.18	28.48	29.71	28.29	26.94	25.64	24.71	28.01	30.30	27.33	24.02	24.43
33.76	33.13	32.10	32.26	32.17	33.64	33.35	36.05	40.90	30.22	27.04	30.76	32.23	28.09	31.01	33.94	36.47	29.67	29.66	28.22	32.46	29.24	32.58	31.17	33.06	33.25	34.61	31.44	34.92	35.25	36.54	34.41	31.13	35.28	31.80	25.92	31.07	30.84	32.07	34.07	29.45	29.84	30.89	28.91	29.13	30.81	35.08	32.95	29.65	30.95	31.24	31.54	32.35	32.07	31.66	33.96	35.93	34.76	32.81	30.09	33.45	30.96	29.22	29.95	29.43	32.63	31.92	32.29	28.11	30.56
28.44	31.92	28.58	32.56	30.64	27.68	29.29	30.80	33.76	31.23	28.81	30.38	28.26	25.76	30.22	33.46	33.21	29.31	27.01	25.99	29.41	28.11	30.79	31.46	32.21	28.97	33.45	27.55	31.50	33.35	35.21	32.35	32.95	31.57	28.99	25.03	30.50	29.62	31.07	30.51	27.20	26.87	30.86	24.03	24.88	28.49	29.88	32.15	27.68	25.53	30.33	30.16	33.29	28.89	31.62	29.51	31.80	32.47	30.52	28.51	33.17	32.50	26.77	29.54	25.44	35.23	29.88	24.94	29.84	29.76
30.31	36.97	28.90	34.74	35.85	29.79	30.85	30.84	34.97	32.41	27.17	28.53	32.39	30.92	35.86	34.96	33.11	34.17	28.03	29.57	30.49	31.99	30.79	32.61	32.91	32.26	34.14	28.87	34.81	32.90	37.69	30.25	34.20	30.96	32.16	28.72	32.28	31.04	35.92	32.84	30.33	27.69	29.89	29.91	26.51	32.03	35.96	32.44	29.00	30.84	32.94	29.38	34.07	31.39	35.79	29.15	32.40	34.41	36.19	33.40	35.18	32.59	29.96	29.96	26.55	37.52	30.53	26.71	31.58	35.25
26.52	27.68	22.52	28.11	27.36	21.56	25.89	23.58	26.02	26.31	25.54	24.82	27.43	24.77	28.49	28.23	25.28	28.54	25.31	25.01	27.63	27.42	25.29	24.33	27.68	25.14	27.53	26.08	28.57	24.21	27.10	24.07	27.10	25.83	26.78	22.91	24.76	25.15	27.32	26.87	27.08	24.27	24.06	26.73	25.02	24.88	28.47	27.52	26.51	26.63	27.33	23.97	29.43	25.67	27.39	23.65	24.83	27.29	30.70	26.65	27.35	24.75	23.86	25.26	21.02	30.12	24.44	23.20	25.39	25.22
22.24	23.52	20.86	26.31	27.36	21.82	22.51	24.65	22.95	24.95	24.54	26.18	25.06	25.08	26.78	27.71	21.50	24.04	21.96	24.20	25.18	28.31	24.78	23.91	25.69	24.11	24.14	24.53	25.94	24.64	23.41	23.02	25.00	25.10	23.09	22.75	23.42	23.89	25.38	27.20	23.97	22.85	23.92	24.48	24.62	23.62	26.35	23.62	26.51	27.17	24.05	21.09	30.33	25.04	25.26	21.74	21.26	23.44	29.22	28.48	25.80	23.79	24.70	22.93	22.96	25.14	26.03	24.13	23.35	22.86
19.14	20.05	19.97	19.83	22.00	20.02	22.56	20.65	19.02	22.97	22.02	20.04	21.58	20.07	20.93	23.61	18.44	20.38	19.57	20.32	20.69	25.40	23.56	21.18	20.28	19.36	18.91	21.11	22.15	18.99	20.18	19.00	19.94	20.72	19.51	19.65	19.14	20.00	19.18	21.38	19.99	20.33	20.21	20.93	20.38	19.00	21.30	22.12	20.56	21.87	21.35	18.25	23.08	19.71	20.38	19.72	20.03	19.79	23.72	24.85	20.79	18.78	22.39	22.06	19.07	20.81	21.78	23.59	20.08	20.50
16.81	17.68	18.07	17.46	22.35	18.44	19.22	21.89	16.50	19.19	17.75	18.11	19.18	19.99	18.34	20.25	16.13	22.07	16.27	21.71	22.23	22.48	20.15	20.44	17.86	18.28	18.91	20.26	23.42	19.14	17.48	17.64	16.81	19.56	17.04	18.88	18.37	17.61	20.37	19.60	18.42	18.25	18.36	20.11	16.52	20.33	21.13	20.13	20.18	19.19	19.61	17.69	20.24	19.51	17.43	19.62	17.18	17.52	20.13	21.55	18.25	18.50	20.87	21.34	16.93	19.01	19.69	20.61	18.07	20.12
16.59	16.55	17.06	15.72	17.52	16.44	17.65	19.33	15.16	18.18	18.32	17.52	18.03	19.35	17.46	17.19	15.86	17.39	16.21	17.05	20.68	19.58	18.76	17.84	15.68	16.88	16.92	18.54	18.20	17.42	16.01	16.84	16.77	17.91	18.22	19.32	18.05	18.41	17.48	17.92	16.42	16.23	16.41	19.09	14.88	17.86	19.88	17.47	17.39	17.01	19.00	15.98	17.00	17.18	17.58	18.80	15.57	15.15	17.94	20.00	17.37	15.83	18.51	19.45	17.71	18.21	18.08	17.91	17.39	18.86
16.46	16.67	16.71	15.16	17.78	16.09	18.01	18.43	15.26	16.32	17.28	16.86	17.09	17.81	17.64	17.21	18.30	15.93	15.92	16.89	20.69	19.63	18.57	17.97	14.67	16.50	15.12	18.96	16.78	15.56	15.10	17.39	17.50	15.49	16.03	17.21	16.02	17.47	15.19	16.31	16.31	15.13	15.88	17.43	14.65	17.36	16.87	17.23	17.46	14.99	18.39	16.71	15.66	17.15	16.13	17.99	15.24	14.36	18.11	18.59	16.31	16.95	19.98	18.05	17.42	18.67	17.02	15.97	16.84	18.59
23.46	21.95	22.00	20.63	24.26	21.76	25.75	25.40	21.47	20.67	23.78	24.58	24.85	20.98	21.62	22.06	25.50	22.32	22.01	21.72	25.41	28.17	25.15	24.14	21.69	23.81	22.76	25.49	23.19	23.79	19.13	23.36	23.76	21.90	22.01	23.79	20.39	21.30	23.24	23.03	22.78	22.70	20.05	21.15	19.31	22.92	22.08	21.83	24.50	20.42	22.16	21.84	21.74	21.68	23.20	25.74	20.61	21.12	21.25	24.18	21.47	22.80	25.60	24.81	23.89	23.83	22.80	22.32	24.23	25.56
23.92	26.15	26.62	24.81	29.84	25.64	29.40	28.93	24.89	27.19	25.39	28.26	27.92	25.53	26.05	25.47	25.74	26.98	26.10	28.96	30.65	31.68	25.13	24.40	24.63	25.81	31.98	29.08	25.03	28.99	24.35	27.27	23.53	26.14	23.68	28.84	26.59	23.89	28.59	26.38	26.58	27.76	23.72	23.30	21.10	24.76	25.33	24.07	30.79	23.22	24.75	24.82	24.90	26.10	25.23	24.99	25.97	23.81	23.14	29.44	26.28	24.87	27.78	27.08	29.25	28.43	25.39	24.29	29.55	27.98
27.49	30.50	31.14	30.19	30.18	27.95	30.38	33.67	27.13	29.02	29.05	31.18	30.20	26.36	33.18	29.56	30.79	29.03	28.02	28.34	30.55	33.00	29.64	27.21	29.99	28.02	35.42	27.53	29.81	30.05	28.05	28.49	25.11	24.70	27.17	32.13	26.73	28.13	32.13	29.63	25.86	31.23	24.18	28.80	26.12	27.20	28.83	25.59	32.04	25.27	28.42	28.94	28.45	29.12	28.29	27.91	29.58	27.87	26.31	37.11	31.17	26.13	31.13	31.54	33.56	30.08	28.70	27.34	29.75	31.13
31.87	35.22	35.56	33.87	34.63	30.83	35.63	33.96	30.47	31.58	29.45	35.31	30.71	30.03	35.41	36.52	37.18	34.40	33.73	34.13	34.86	43.29	32.98	30.73	36.23	37.46	38.99	31.78	35.18	38.22	31.60	31.79	30.67	27.46	29.55	35.70	35.18	32.61	36.77	37.37	29.06	36.07	31.98	31.65	30.82	34.61	31.43	31.47	36.55	32.24	31.37	34.28	35.23	34.27	33.62	32.13	29.98	32.18	29.21	40.81	34.86	35.08	34.89	32.09	39.78	32.60	34.72	32.55	36.11	36.70
31.36	31.06	32.09	34.29	33.49	29.99	32.92	30.30	27.19	31.98	31.93	31.45	32.32	26.49	29.49	32.21	32.84	31.91	31.57	31.92	32.22	36.85	27.39	28.17	32.26	36.12	34.09	29.16	30.43	33.75	29.48	30.67	27.65	28.04	28.66	31.15	36.22	30.60	32.48	32.01	28.08	30.91	30.74	26.45	29.81	36.53	28.38	31.85	29.02	35.48	29.47	30.50	29.38	29.65	34.22	27.44	29.30	30.70	27.62	37.02	31.32	35.30	32.22	29.62	36.53	30.02	31.73	30.03	27.90	32.82
34.80	34.47	35.55	37.01	33.51	35.77	31.13	30.28	27.90	33.28	35.55	31.89	34.46	31.03	32.63	38.42	32.57	36.20	31.65	36.08	35.26	35.33	29.89	28.95	34.81	34.17	37.99	29.77	35.15	35.62	31.62	32.19	28.07	29.15	29.53	33.52	36.66	35.40	34.11	30.23	30.02	33.95	31.73	28.80	29.20	38.76	30.11	34.84	29.53	34.50	28.98	29.52	31.48	33.95	32.47	30.99	32.54	31.20	30.06	34.68	31.15	35.26	33.95	30.58	41.23	32.99	32.26	33.85	31.23	39.02
25.83	26.73	31.24	30.46	28.68	28.50	27.66	24.27	23.65	25.13	29.38	24.05	25.93	24.87	27.82	28.77	22.98	28.75	24.64	32.31	27.89	32.99	24.70	24.64	29.22	29.56	28.59	26.97	26.06	28.40	26.58	27.73	24.89	27.26	23.25	26.99	31.66	28.60	28.92	26.19	23.72	25.26	28.72	26.10	25.44	27.41	26.27	28.94	23.58	27.91	24.64	22.46	25.26	27.53	30.58	26.75	28.56	23.12	25.84	28.04	28.64	29.22	28.23	23.62	33.12	26.11	25.20	27.53	23.98	28.69
25.28	25.69	26.09	26.71	24.25	24.02	27.19	23.63	24.84	25.80	28.03	23.56	22.77	24.29	24.16	25.91	23.16	27.54	23.06	30.98	24.77	30.19	24.41	25.14	25.79	25.07	26.45	26.14	24.87	29.97	24.89	26.47	26.23	21.75	21.38	25.62	28.38	24.60	27.19	24.59	23.43	24.54	26.69	24.24	26.46	24.98	25.21	29.07	23.59	24.33	23.80	21.62	23.05	28.25	27.66	26.00	27.99	20.55	23.79	24.99	23.79	29.02	26.33	22.40	27.41	24.33	23.04	23.92	23.60	26.25
20.38	21.39	24.06	21.43	20.31	23.17	23.42	24.01	24.69	21.56	22.76	21.27	23.31	20.92	21.28	21.54	19.80	22.40	20.93	23.86	23.46	23.15	21.25	19.99	21.90	19.51	24.32	23.32	21.93	23.15	22.30	21.60	21.12	17.50	18.28	20.85	21.44	22.48	22.79	21.53	20.79	21.80	25.60	22.68	20.52	21.70	23.08	22.44	19.72	21.75	20.70	20.00	18.88	23.43	21.45	21.23	22.04	19.16	20.01	19.80	23.78	22.22	22.41	24.49	22.76	20.68	23.76	23.46	19.07	24.37
20.31	19.05	20.74	19.44	19.23	21.57	21.37	23.36	22.53	20.12	19.22	21.21	22.65	18.35	18.35	21.34	17.24	21.56	18.39	20.07	20.96	20.84	19.25	17.70	18.77	19.16	22.94	22.24	19.99	19.06	20.18	19.14	19.10	17.27	16.57	20.18	16.81	23.54	20.43	17.38	21.45	18.55	22.12	21.53	18.43	19.38	22.20	20.81	18.92	19.44	18.49	17.73	17.29	21.17	20.88	19.13	18.94	17.60	18.99	20.02	22.50	19.31	22.16	21.23	19.70	19.91	20.40	18.56	18.12	21.06
18.85	19.39	19.14	16.97	17.00	18.57	20.44	18.91	20.76	18.93	16.01	17.96	23.42	16.01	18.69	19.46	15.47	17.84	17.78	17.93	18.40	20.35	17.07	15.59	18.44	17.60	19.90	18.68	16.89	18.42	18.22	17.60	16.30	17.15	16.57	18.07	16.65	20.26	17.44	16.73	18.27	17.70	18.21	18.42	16.07	16.97	19.90	19.91	17.85	17.53	16.97	17.02	17.94	18.13	20.16	18.19	19.33	17.55	17.42	17.76	20.32	18.78	19.39	17.54	18.71	18.89	19.58	17.03	16.80	18.22
19.98	18.75	16.47	17.08	18.07	17.58	17.21	19.03	19.76	18.47	16.05	16.53	22.09	17.05	18.53	18.71	15.54	15.34	19.87	17.48	16.85	20.08	16.73	14.19	17.81	15.48	18.77	19.18	16.41	16.76	17.01	18.04	16.15	17.41	17.17	16.51	15.71	20.28	17.15	16.80	18.72	17.56	17.65	17.33	15.44	17.54	20.65	17.78	18.03	17.08	17.47	15.62	17.78	17.90	18.82	16.49	16.93	17.15	16.69	17.94	19.90	17.23	18.05	15.82	18.97	20.68	18.29	16.19	16.50	18.53
25.40	27.67	23.17	23.09	24.46	23.45	24.08	26.13	24.02	25.30	20.83	21.81	27.89	28.00	23.65	23.50	22.51	21.28	22.97	22.34	22.08	27.63	22.69	19.08	23.72	24.02	25.60	26.80	23.91	21.28	22.45	24.59	22.33	23.21	23.33	21.45	22.83	25.52	22.19	22.81	26.80	23.15	24.68	24.52	20.09	23.63	25.19	24.63	23.86	24.34	24.16	18.92	24.76	21.35	26.03	21.84	19.51	21.82	23.87	24.82	25.67	23.65	23.10	22.51	25.39	27.79	24.21	21.39	22.05	22.29
30.48	32.44	25.14	26.04	29.49	29.18	25.32	27.88	28.69	30.45	25.65	27.29	33.45	35.06	26.99	28.31	27.95	26.00	26.70	25.02	26.75	28.37	27.53	26.17	25.61	26.46	30.00	28.23	26.55	24.42	22.61	28.10	27.73	27.04	26.18	27.47	28.20	27.68	26.48	24.51	30.44	28.86	25.60	26.85	23.55	27.27	30.44	27.00	27.56	30.09	31.43	24.26	26.96	27.84	31.85	21.67	24.22	27.87	29.33	31.86	28.35	25.46	31.73	26.26	31.60	30.98	28.70	28.21	25.14	24.73
31.96	36.01	27.07	28.14	26.88	32.50	29.09	29.24	32.28	29.40	27.49	30.86	36.50	38.78	28.47	31.89	29.18	29.65	27.83	26.79	30.57	29.49	30.17	26.98	27.19	26.58	36.21	30.97	27.88	29.63	27.54	28.04	26.11	27.76	28.74	30.66	31.67	29.36	27.10	31.87	33.43	34.14	27.78	29.11	25.33	31.13	29.26	27.17	33.34	32.34	32.20	32.09	29.74	29.55	33.51	24.26	28.38	29.42	26.84	30.35	29.01	30.21	32.49	26.08	29.73	32.88	30.38	28.97	33.48	28.00
35.06	41.56	30.81	36.51	29.58	39.52	31.16	32.47	37.10	34.84	32.66	38.13	39.03	40.13	37.06	38.63	35.20	34.82	32.41	28.78	35.81	31.48	34.52	33.44	32.55	30.55	36.81	29.54	32.95	34.04	29.96	33.41	29.49	33.02	31.58	36.83	37.75	33.63	30.85	34.53	37.25	35.52	32.09	32.75	30.73	37.27	37.27	28.48	35.86	39.23	35.71	35.56	36.24	35.83	38.23	28.91	32.39	36.21	34.99	38.38	32.25	34.51	36.37	30.38	36.76	39.28	34.74	35.71	39.85	37.19
33.37	40.86	29.50	34.09	30.03	36.11	31.05	33.05	33.52	31.97	28.09	31.71	34.23	34.54	36.95	32.86	31.77	32.46	31.36	25.67	32.86	30.70	30.97	31.30	30.61	31.61	33.08	30.85	32.93	29.10	26.78	28.55	29.77	30.76	31.01	36.11	34.12	30.11	28.03	31.18	34.01	29.17	29.56	30.85	27.52	32.03	33.57	29.06	31.97	32.96	32.68	33.90	29.57	28.66	34.16	28.36	30.92	37.10	32.50	33.14	28.91	32.04	38.35	30.84	32.93	36.79	32.25	32.55	34.60	36.20
34.72	40.57	33.62	35.97	32.76	35.58	32.96	36.48	38.43	38.66	33.20	35.48	34.95	37.32	35.88	36.11	36.35	32.94	35.89	27.07	38.26	38.69	34.15	30.32	34.85	34.60	38.37	35.12	37.98	32.58	28.00	30.63	31.78	35.39	33.00	35.41	32.54	33.71	27.47	32.21	37.31	30.38	29.79	37.21	30.93	33.50	39.16	31.98	34.34	31.32	34.92	33.20	35.52	32.56	35.86	31.07	34.65	36.67	36.10	39.61	30.82	34.57	37.81	32.40	38.64	36.13	32.82	35.08	36.21	39.07
32.14	35.09	27.59	32.17	28.06	28.71	25.41	32.99	30.81	29.92	26.41	29.04	29.06	33.45	31.38	32.17	29.53	30.29	27.77	25.06	33.54	31.64	28.44	25.67	27.74	27.93	30.69	30.44	33.14	27.91	26.46	27.46	25.45	32.02	29.74	28.02	26.53	27.31	21.89	26.02	29.01	23.47	23.46	31.82	25.75	28.47	26.78	27.64	27.67	25.45	29.73	29.35	33.36	28.39	32.59	25.63	29.44	28.20	27.49	29.11	26.42	26.79	30.00	27.47	33.16	32.08	28.56	29.38	29.76	34.02
30.07	30.76	27.73	33.00	27.79	25.69	26.39	30.31	30.54	27.43	23.18	27.81	27.04	28.76	30.08	31.65	27.74	27.37	26.98	23.18	27.05	30.02	26.18	26.94	25.85	27.93	29.34	27.46	27.97	26.27	22.38	26.83	24.12	26.44	28.73	24.53	23.04	27.63	22.27	24.23	25.18	20.58	25.51	29.01	24.19	27.07	23.48	28.05	28.02	22.59	24.89	26.13	32.08	27.63	27.51	24.97	27.64	26.99	24.57	24.63	23.92	24.97	27.89	24.07	31.42	29.40	25.83	25.75	28.09	30.18
23.01	24.85	21.40	24.96	25.82	23.08	23.84	25.03	25.22	23.97	19.39	20.04	22.79	24.06	23.42	24.40	25.60	23.83	26.48	19.26	21.89	24.52	24.00	23.73	21.19	21.19	22.68	23.63	21.71	21.41	19.88	21.19	18.09	21.82	24.03	20.41	18.24	23.54	20.04	21.87	22.49	18.87	22.28	24.12	21.02	24.58	20.94	22.10	24.64	18.50	21.45	24.69	28.25	24.81	20.39	21.88	22.36	22.59	19.48	20.37	18.91	22.86	23.84	19.13	23.26	23.52	23.83	21.91	22.74	23.56
21.03	23.42	21.92	23.11	24.02	20.16	21.78	21.81	20.64	20.69	18.94	19.89	19.19	22.51	21.70	25.37	27.55	21.69	22.27	20.41	19.68	22.57	20.71	21.69	20.90	18.73	18.84	22.78	21.91	20.97	18.72	19.71	17.20	18.40	22.37	19.87	16.93	22.55	18.88	22.23	22.26	19.33	20.50	21.11	21.90	19.72	19.21	21.11	23.94	18.95	21.20	24.25	24.18	19.65	20.28	20.49	20.40	20.58	18.85	20.55	17.37	21.05	23.08	17.75	19.82	21.94	23.15	21.53	20.72	22.04
20.01	20.56	18.84	19.62	19.82	17.44	20.50	20.87	20.45	18.28	18.27	17.55	17.25	19.82	18.28	22.81	22.02	20.60	19.85	18.80	18.67	18.86	20.14	19.67	19.06	19.82	19.04	20.68	19.32	16.99	16.28	18.86	16.95	18.40	22.05	18.39	17.09	21.23	19.32	19.39	20.34	17.83	19.55	19.93	21.62	17.80	16.95	21.89	20.42	17.93	19.35	22.67	19.43	21.72	17.65	21.38	18.50	20.32	18.32	18.29	15.30	19.07	19.82	16.51	18.19	18.78	20.56	20.41	18.31	19.03
18.10	18.29	17.37	18.26	20.68	17.01	19.50	20.55	20.26	17.54	18.77	17.91	17.79	17.70	17.17	18.29	21.84	21.63	18.36	19.57	17.05	17.92	18.89	19.63	18.82	17.90	18.52	18.26	19.44	16.26	16.54	17.70	17.21	18.61	17.80	18.68	18.78	19.96	17.54	16.66	18.35	18.98	18.19	17.56	19.15	16.38	17.08	21.15	19.12	18.19	20.49	21.16	17.82	19.88	16.90	18.70	17.72	19.67	19.41	17.23	15.90	18.84	17.01	15.70	15.61	17.20	20.36	17.70	17.82	19.02
24.85	25.78	24.05	26.46	25.70	23.23	26.32	25.83	27.31	23.19	25.09	24.24	22.33	21.73	22.87	25.73	28.75	28.78	25.96	24.35	21.38	25.64	26.13	23.95	27.12	24.41	24.22	23.75	28.66	22.40	24.41	22.26	22.24	26.11	23.01	24.70	26.11	30.07	22.68	20.58	23.35	22.64	24.51	23.88	24.50	23.66	23.53	26.61	27.35	27.56	26.39	26.61	23.13	26.73	23.70	25.05	23.63	28.21	25.89	25.32	24.78	24.27	23.38	21.17	21.97	24.39	26.04	23.31	23.46	25.54
27.26	31.18	33.27	29.94	28.85	27.88	30.63	30.38	30.96	31.20	30.27	28.01	29.34	28.74	26.30	30.92	32.09	31.92	29.91	27.57	26.37	27.47	34.29	26.83	29.46	28.95	29.78	25.68	34.89	28.16	26.78	27.72	24.71	30.73	28.37	25.98	28.14	30.15	27.18	25.42	27.06	25.77	29.38	28.55	26.90	29.73	27.39	30.76	29.49	29.19	29.55	28.37	27.68	30.20	29.88	29.79	28.28	31.90	30.58	29.42	28.93	29.13	28.47	25.00	27.66	29.19	33.20	26.65	29.94	27.65
31.42	35.16	34.53	33.13	30.45	28.71	32.28	30.89	33.39	31.60	30.24	28.09	35.36	29.79	28.83	32.75	39.95	33.36	30.41	31.30	32.06	31.52	34.03	27.25	32.54	30.36	32.05	27.00	33.44	29.28	28.58	34.03	28.58	34.04	29.11	30.29	29.76	29.05	30.82	29.17	28.00	30.97	32.14	30.74	28.86	30.35	28.98	30.69	32.19	31.24	35.11	32.84	31.19	35.18	32.42	33.01	32.48	37.02	31.06	31.19	34.02	30.36	30.19	27.37	32.14	29.92	36.37	31.19	29.73	32.16
36.25	36.34	39.31	42.23	38.08	39.88	36.70	41.22	36.15	38.56	36.79	36.88	36.21	33.24	35.47	30.03	40.52	35.91	42.47	37.84	38.33	34.89	41.24	34.20	34.44	35.99	36.91	34.69	40.07	32.96	31.82	34.50	34.14	41.40	35.80	36.37	36.66	35.01	35.56	32.66	31.87	36.13	38.17	35.19	37.43	40.48	37.52	34.07	34.92	34.45	39.47	40.28	31.52	37.52	34.20	40.12	38.08	41.87	39.71	37.60	42.29	35.63	37.04	31.66	33.92	34.20	44.53	37.69	34.76	37.18
31.20	30.04	34.37	35.95	33.18	35.02	33.09	32.82	32.99	35.97	31.38	36.60	35.34	30.58	33.55	29.03	32.53	34.24	37.23	33.96	32.96	34.93	36.80	31.27	36.54	30.53	31.10	35.22	37.64	28.82	31.83	31.66	32.77	35.98	34.29	31.62	32.37	30.83	33.81	29.70	33.76	36.01	34.95	33.23	34.63	40.02	33.75	29.96	33.98	34.11	35.83	31.37	31.22	39.86	33.92	39.07	41.05	42.73	36.85	37.27	37.97	35.66	35.07	30.10	35.34	29.48	40.94	33.23	30.70	33.30
35.95	30.18	37.83	35.81	37.86	36.34	32.46	36.15	36.46	35.28	34.42	38.59	36.99	31.98	35.93	31.64	38.89	34.84	36.14	30.93	36.35	36.61	39.13	30.58	39.04	33.44	32.08	38.61	41.23	32.00	36.47	32.87	35.08	35.39	38.71	38.40	31.33	31.79	38.03	30.78	32.95	41.97	38.31	29.78	36.69	40.93	35.00	32.73	35.59	34.79	37.92	30.68	35.78	39.52	36.24	36.90	44.19	46.12	39.96	42.22	38.51	39.02	38.41	30.50	34.38	33.55	38.87	34.93	36.86	34.23
27.21	27.27	30.43	28.25	26.94	28.79	26.68	29.63	33.47	27.58	30.29	32.31	31.90	29.36	28.45	24.78	27.69	27.01	29.49	25.74	29.07	29.89	28.48	26.52	30.12	27.70	28.33	31.49	33.06	28.86	31.33	30.83	27.80	34.19	29.03	32.19	27.96	24.67	30.06	27.12	26.14	33.83	32.90	25.26	32.25	33.11	30.20	26.67	29.58	29.13	28.86	26.00	30.20	27.00	29.61	34.78	33.27	36.40	30.70	33.90	32.33	32.30	28.94	27.46	29.01	29.41	30.92	28.18	29.77	27.83
25.45	24.23	29.35	25.29	25.76	30.58	27.57	30.44	28.04	27.35	26.72	31.76	28.70	27.58	27.89	23.92	25.59	27.52	28.65	26.71	27.69	26.67	26.47	27.53	28.30	27.77	25.56	30.24	31.12	30.26	29.88	27.22	25.89	31.21	25.80	30.06	30.57	24.90	29.27	25.67	24.04	31.44	30.69	25.13	30.26	30.26	28.84	25.57	27.08	28.01	27.38	24.00	31.19	25.03	27.58	29.90	29.69	30.88	27.83	30.37	29.09	28.20	26.69	24.26	27.40	24.94	29.41	22.45	28.95	25.69
23.96	20.30	26.63	20.68	23.72	26.24	26.66	24.46	23.35	24.60	23.34	30.58	23.70	22.21	21.92	22.44	25.12	23.88	23.71	25.37	23.81	24.02	21.94	24.24	23.70	21.74	21.26	25.07	22.70	25.74	24.65	21.32	22.70	27.18	23.22	24.31	23.30	25.02	24.71	22.98	19.50	24.82	26.49	22.69	23.03	25.81	25.23	25.76	22.37	22.28	23.30	17.87	26.50	20.69	25.22	23.98	24.08	24.60	23.90	24.44	26.61	24.43	21.74	23.12	25.56	24.31	23.57	19.95	24.89	23.23
22.73	19.01	24.25	21.85	21.62	24.60	22.45	21.51	22.33	22.30	20.70	25.54	23.96	19.57	20.34	19.86	24.77	22.55	24.40	22.06	19.15	22.73	19.40	23.23	20.84	21.10	18.39	22.57	18.92	21.16	22.22	19.40	20.36	23.53	22.15	20.56	20.31	23.97	21.14	22.03	19.45	22.46	24.51	20.33	23.34	22.77	22.61	24.17	22.61	19.79	24.13	16.99	22.69	18.94	22.13	20.06	21.83	21.39	21.20	23.82	25.47	23.98	20.38	21.09	24.47	24.27	21.38	21.98	22.85	22.25
19.35	19.78	21.40	18.33	19.85	22.35	19.14	19.50	19.99	21.60	20.04	22.35	21.10	17.97	18.66	20.35	22.95	20.08	21.92	19.69	17.57	21.55	19.36	20.18	18.74	20.47	17.32	22.75	18.22	18.07	20.89	18.60	18.99	21.07	20.74	19.43	19.76	21.25	18.68	20.63	17.56	20.04	20.63	19.50	21.98	19.58	19.85	20.50	19.23	17.04	20.30	16.24	18.20	17.34	20.13	18.53	17.74	19.19	19.80	21.39	23.52	20.97	18.19	20.66	20.16	21.97	21.08	19.37	20.14	20.87
18.87	19.23	21.34	17.11	18.99	18.34	19.22	16.76	17.99	19.20	18.89	19.75	19.21	14.89	18.65	20.49	23.18	17.95	19.36	19.30	17.20	20.35	18.03	19.08	17.92	18.39	16.54	22.17	18.49	18.54	21.74	19.52	18.62	20.93	20.01	16.10	18.71	18.90	16.82	19.88	18.28	17.25	21.85	19.04	23.07	18.00	18.41	19.46	18.37	14.66	20.03	16.30	18.40	18.91	19.62	16.52	17.21	18.72	19.22	20.01	21.38	18.94	17.33	20.47	20.42	21.03	19.77	20.21	18.87	16.73
26.47	25.10	26.73	21.53	26.65	24.54	30.78	24.85	24.02	24.73	26.90	24.65	28.27	23.21	27.66	25.61	30.34	27.73	26.99	24.71	21.83	26.35	23.69	25.54	27.34	26.57	23.22	26.68	23.60	25.54	28.63	26.27	23.90	27.24	27.90	23.11	24.46	28.64	20.84	24.78	24.31	25.02	28.04	25.64	29.08	25.47	22.18	26.56	26.41	20.31	24.70	22.88	24.17	26.05	28.11	23.65	24.15	23.34	24.05	27.30	28.51	22.78	24.64	26.64	28.59	25.28	27.98	27.07	25.19	26.67
32.35	28.62	30.27	24.80	35.90	26.74	33.40	28.40	29.23	28.61	34.07	28.19	29.75	26.49	30.06	27.35	34.98	30.79	30.31	29.90	29.92	30.63	29.87	29.72	32.52	29.18	29.38	30.88	25.67	31.72	33.20	30.19	29.87	35.71	28.09	25.17	28.80	33.35	25.85	28.87	28.54	28.39	33.10	29.22	32.99	27.49	26.20	31.41	28.88	25.10	31.17	27.11	28.00	28.10	31.52	27.15	29.33	25.88	29.96	29.86	33.45	28.42	27.16	30.20	34.83	28.54	34.67	30.21	27.64	32.35
38.18	34.46	37.84	28.91	35.62	31.19	35.45	33.02	34.48	35.32	39.00	31.06	33.26	28.55	33.05	31.71	34.60	31.26	34.31	30.33	31.30	33.22	31.36	31.17	34.91	31.33	33.46	33.73	30.20	35.25	37.53	30.93	34.47	43.03	34.21	28.19	29.45	34.16	28.42	34.84	31.29	30.45	33.04	30.44	34.36	30.71	33.67	33.25	32.03	28.43	33.94	30.19	30.18	33.36	34.25	31.92	30.70	29.47	34.45	33.10	37.27	36.41	33.36	31.75	35.94	32.22	33.97	32.45	31.51	37.65
43.06	41.35	40.08	36.50	44.62	40.46	39.89	38.63	40.26	43.52	41.87	35.69	42.26	35.28	40.35	40.60	40.74	35.44	37.90	34.74	35.98	39.81	38.04	37.18	35.35	39.01	41.10	36.10	37.44	40.44	43.58	35.59	37.69	42.58	43.45	32.36	35.74	35.18	37.28	37.50	36.32	33.14	36.14	36.10	40.54	39.10	38.26	35.06	33.79	36.13	42.51	33.60	37.58	41.10	39.16	39.60	34.29	41.60	42.62	36.04	41.10	43.61	39.99	36.59	40.89	39.79	36.61	39.20	38.94	43.87
40.54	35.54	36.77	34.15	39.67	38.14	35.67	36.68	35.20	37.49	36.72	31.88	38.44	33.53	34.64	34.71	37.21	32.93	37.02	33.47	32.81	37.24	34.23	33.55	37.49	34.49	40.76	37.47	34.91	35.21	43.26	28.70	35.08	45.18	39.09	31.67	34.75	32.48	34.39	29.00	33.80	31.98	31.70	33.43	36.40	37.57	35.56	33.06	31.95	36.56	38.25	33.18	35.27	36.19	35.25	35.84	31.78	41.44	39.83	35.47	36.76	36.81	33.26	34.01	38.10	38.23	35.95	37.12	35.55	40.23
42.90	38.38	38.81	38.43	44.36	38.32	41.16	36.99	41.92	39.78	36.23	32.73	37.30	38.05	34.78	35.83	47.03	33.73	36.29	35.66	36.46	38.93	40.86	34.52	39.61	40.44	41.75	40.04	41.44	37.64	41.42	32.78	38.63	47.47	42.28	34.72	36.50	32.36	43.08	33.14	39.19	37.82	37.82	35.07	37.59	37.49	37.96	36.85	39.72	35.90	46.26	36.97	35.69	35.70	34.91	37.66	40.17	46.06	40.69	38.42	36.86	39.13	34.02	39.82	39.38	38.44	35.47	39.89	36.44	39.67
36.15	30.95	30.39	32.93	34.24	31.88	35.12	30.07	36.70	27.76	32.78	27.42	29.37	30.58	29.99	28.34	34.98	32.74	30.16	28.90	30.28	31.49	32.71	28.15	33.10	33.59	32.71	34.09	32.47	29.21	34.19	26.87	35.13	33.09	35.17	26.69	31.83	23.99	33.59	24.88	30.23	31.73	30.24	28.20	30.93	31.53	34.35	29.95	35.96	28.28	33.99	33.19	34.55	27.27	27.49	31.58	33.35	33.14	33.24	33.08	31.04	34.48	27.39	32.20	34.32	32.97	29.62	33.24	31.06	33.09
31.66	27.70	29.86	31.93	33.39	29.41	30.66	29.77	33.19	26.88	28.01	25.44	26.27	29.51	30.21	25.92	29.38	30.65	28.76	27.59	29.98	28.04	27.20	28.54	33.95	30.02	30.77	29.38	33.00	29.89	30.65	26.26	30.65	30.41	29.53	27.99	31.35	24.83	32.80	26.70	27.70	28.41	26.36	26.08	27.03	29.26	30.51	28.80	33.72	26.85	31.32	27.57	30.06	30.01	26.56	28.62	33.89	30.53	36.05	30.33	27.07	33.56	26.79	30.11	32.88	29.81	29.97	33.85	29.32	31.62
25.92	22.92	24.02	24.40	27.20	25.99	26.81	27.10	28.58	22.94	22.88	21.61	22.82	23.85	23.61	22.03	27.20	23.87	24.33	23.27	23.93	23.80	23.27	25.34	25.47	23.31	25.86	24.47	26.49	24.12	25.30	25.24	29.10	27.09	24.61	25.35	24.01	21.42	27.63	23.86	26.33	25.70	21.65	22.43	22.77	25.55	23.47	22.18	28.17	24.96	28.37	22.16	26.51	22.93	19.18	20.69	28.70	22.32	30.71	25.59	23.78	29.07	23.31	26.24	26.42	25.88	25.69	27.28	23.70	25.78
22.80	21.39	19.95	23.39	26.36	20.94	23.60	23.81	24.32	22.76	20.47	21.51	22.84	21.98	21.69	21.31	23.52	22.66	21.35	22.45	23.14	23.79	22.29	23.39	25.66	19.39	25.19	24.73	23.45	21.27	21.65	25.99	28.00	22.29	22.50	22.53	22.80	23.06	25.72	23.70	23.80	25.35	17.78	20.78	21.34	23.49	20.62	21.09	25.83	22.74	24.43	21.10	23.94	22.67	18.43	22.30	24.53	20.62	26.84	23.39	23.38	25.84	22.08	23.92	25.36	22.67	25.13	24.04	21.69	23.44
19.80	19.57	17.21	21.26	23.39	18.93	24.11	20.26	23.40	21.98	17.94	18.48	20.57	21.15	21.83	20.12	20.14	19.26	22.77	20.34	20.61	19.76	20.33	23.28	22.33	18.96	21.35	24.29	21.51	20.44	18.90	23.63	24.15	20.77	20.95	22.42	20.01	22.25	24.59	21.28	22.29	22.13	16.17	18.81	20.78	21.49	19.71	18.31	23.76	22.63	21.98	19.19	21.88	21.10	18.24	22.28	21.51	19.90	21.90	24.22	22.33	23.44	22.38	22.27	23.37	21.06	21.96	22.16	19.59	20.84
19.58	18.16	17.36	19.66	21.85	18.88	22.87	18.41	22.31	19.62	15.79	19.62	20.48	20.55	19.25	18.94	20.91	16.31	21.84	21.26	19.56	22.24	19.72	22.16	20.20	20.08	22.27	23.86	20.05	21.13	20.23	20.93	20.75	21.38	22.34	20.84	20.74	23.38	24.32	20.65	22.42	22.24	16.59	16.76	22.47	21.23	18.22	20.69	20.81	20.39	18.57	18.90	20.16	19.75	18.99	20.06	18.91	20.06	20.92	21.84	21.85	21.15	18.24	19.88	22.54	18.75	21.52	19.16	20.36	19.54
26.74	25.35	25.78	28.01	30.94	24.11	31.01	24.94	28.13	25.45	21.82	24.22	29.94	28.09	28.57	26.63	29.06	25.60	25.56	27.50	26.88	30.58	30.19	31.13	27.49	25.67	28.92	31.55	27.77	28.07	30.08	31.20	27.48	30.81	34.88	30.70	28.70	29.11	31.63	27.80	26.99	28.07	23.50	25.05	29.63	28.47	24.40	32.04	30.77	26.53	24.09	24.84	28.34	30.09	26.37	27.89	27.07	27.55	28.81	30.17	30.97	30.08	28.54	29.94	30.80	27.87	29.93	26.80	25.66	24.86
30.79	31.69	31.00	35.09	35.00	29.80	33.85	27.00	34.22	32.54	29.60	31.04	34.21	32.57	34.70	30.22	31.28	31.62	28.66	32.15	31.46	37.32	35.14	42.54	31.15	30.09	33.34	33.77	33.65	32.34	30.44	35.87	32.32	37.80	37.25	35.14	31.38	35.27	38.03	31.45	30.43	31.11	25.38	28.20	33.60	35.32	27.00	37.01	36.35	30.22	31.24	30.90	31.06	34.58	26.28	29.85	28.90	31.48	33.68	35.58	33.79	35.31	32.53	38.38	35.83	30.06	34.17	33.75	29.20	26.97
31.83	35.53	35.79	40.75	38.50	33.92	34.34	30.09	36.44	33.74	32.42	33.60	37.20	36.42	36.75	34.89	35.06	34.75	30.96	34.27	34.33	36.55	37.54	44.90	34.60	34.83	36.23	35.90	38.48	35.81	31.91	40.19	39.57	39.76	39.84	34.70	37.52	38.95	40.73	38.39	32.23	32.09	27.61	32.02	34.63	38.96	31.92	41.22	37.20	34.74	32.55	31.88	34.58	36.26	27.60	32.32	29.92	35.33	40.76	38.38	34.63	43.32	36.29	39.58	33.70	32.54	35.23	34.84	34.84	28.78
39.39	39.14	39.97	47.55	41.88	43.03	40.84	34.05	41.05	42.34	37.12	38.80	40.42	44.16	45.43	40.47	39.67	38.95	36.51	43.15	43.71	38.26	40.34	48.93	45.26	39.78	41.64	39.91	41.72	39.50	41.30	41.29	46.66	43.48	43.15	39.81	47.37	39.46	44.00	37.95	41.37	40.00	36.46	38.09	43.67	48.31	39.29	45.68	46.68	37.58	35.29	39.39	38.22	38.36	33.01	36.96	38.61	44.44	45.63	42.97	39.97	48.62	39.87	45.27	40.24	42.42	39.22	44.60	38.71	37.25
38.64	37.99	36.68	40.03	36.95	34.23	37.37	29.86	38.91	36.02	34.53	32.76	39.38	38.02	34.55	38.99	35.62	34.87	37.79	43.90	38.01	38.06	37.27	43.46	43.68	38.85	42.61	37.32	35.82	36.98	36.76	37.89	45.32	39.55	40.44	33.02	43.49	35.78	40.79	37.47	38.15	35.89	33.73	32.14	40.44	40.40	38.53	34.63	37.96	35.02	36.98	35.37	36.97	38.45	32.78	37.40	39.34	43.50	40.84	41.18	36.09	43.52	36.61	42.69	35.96	36.30	38.16	35.81	36.96	32.76
43.76	41.76	39.49	43.46	39.70	33.77	37.19	34.44	44.40	36.69	37.84	36.28	37.95	38.08	38.51	40.00	38.32	38.92	43.89	46.18	38.59	45.43	43.59	40.46	41.60	38.24	46.04	36.98	36.60	42.52	41.18	43.38	45.40	44.58	45.18	42.29	45.22	41.28	43.01	39.26	35.82	38.30	33.34	35.57	41.36	46.47	42.50	38.38	38.82	37.00	40.23	35.14	42.07	43.26	35.63	37.27	43.27	42.62	42.36	46.51	38.03	45.67	39.94	37.90	40.28	37.58	39.58	37.06	45.00	39.12
35.98	30.97	33.94	35.33	34.46	26.74	29.22	30.91	36.52	31.77	32.12	32.04	32.82	33.21	28.41	32.88	32.56	31.85	36.02	36.04	31.19	35.85	37.89	35.00	31.11	33.44	37.10	32.56	30.26	33.38	34.67	32.88	35.08	35.46	40.38	31.83	35.20	34.86	38.24	32.33	27.72	30.96	26.35	31.01	34.23	35.29	30.58	32.82	32.94	31.32	35.85	30.95	32.33	37.55	28.14	34.54	36.48	36.15	36.67	34.81	31.24	38.52	33.18	34.53	33.89	29.07	35.41	28.41	35.17	33.25
33.43	29.12	31.71	33.63	31.40	29.03	27.85	33.61	38.24	30.36	29.37	29.86	28.58	31.27	27.37	35.50	31.35	26.20	30.22	33.28	28.80	33.99	37.38	33.16	29.04	31.39	33.64	29.37	30.06	31.14	31.73	29.48	35.83	31.96	31.25	28.85	34.75	32.69	34.17	32.24	31.42	27.99	26.33	28.51	31.83	30.18	29.42	27.68	28.70	29.40	31.16	30.53	31.80	34.53	25.44	33.13	32.55	32.87	32.34	32.71	28.12	32.97	28.12	34.09	32.03	26.47	34.87	26.09	27.99	30.35
28.57	23.84	25.55	29.37	29.11	23.13	24.45	28.09	30.48	25.77	25.19	25.60	25.24	24.32	22.03	29.75	28.86	22.69	22.82	30.70	24.57	26.63	28.45	24.78	29.07	27.70	28.23	21.30	28.53	29.14	28.53	26.78	29.15	27.07	26.65	25.79	27.26	24.41	27.31	30.09	27.81	23.38	23.50	27.36	28.84	24.61	25.39	24.80	23.77	28.48	29.22	26.41	25.10	28.00	24.94	29.45	27.58	27.85	28.50	24.89	24.44	26.30	23.08	27.65	26.42	24.56	29.16	21.96	25.74	26.86
24.15	22.46	24.54	26.36	24.25	21.28	23.92	24.54	27.83	22.28	24.09	22.41	22.96	21.37	22.16	25.97	25.16	20.99	21.59	26.81	20.50	25.78	25.04	24.52	24.36	27.67	23.61	18.87	26.19	27.33	23.50	25.45	23.77	25.55	25.09	26.11	25.83	22.78	24.03	26.87	24.35	24.44	22.77	21.81	27.24	25.53	24.33	25.95	22.77	23.21	27.64	22.82	23.80	23.42	23.85	24.48	24.65	25.81	24.71	22.16	25.08	24.38	23.58	25.89	25.61	23.14	24.25	22.98	21.49	21.18
21.44	21.01	23.22	23.90	23.92	19.08	23.38	22.97	23.24	19.75	21.73	20.82	20.87	18.47	20.74	21.92	21.40	21.52	20.50	25.49	18.66	24.29	23.01	22.40	22.20	25.37	21.39	17.21	23.20	21.20	21.52	24.22	21.10	24.15	26.53	24.50	24.24	23.00	23.05	25.23	23.50	21.76	21.47	19.19	24.38	22.48	21.87	23.31	21.60	21.56	24.62	22.82	20.76	20.98	21.18	24.68	23.26	23.48	22.49	19.17	21.51	19.46	21.09	25.60	22.77	22.09	20.36	23.11	20.95	20.87
19.09	20.06	22.32	25.74	24.19	18.63	24.22	21.01	21.15	20.30	18.81	21.41	20.22	17.91	22.90	23.24	20.67	21.02	21.21	22.79	19.87	21.81	23.54	21.70	22.06	22.21	22.04	18.25	20.73	21.31	19.80	21.91	20.92	22.87	21.72	22.31	22.78	22.63	24.74	22.80	22.29	22.12	20.59	18.62	22.78	22.89	19.84	22.41	21.69	21.08	22.18	19.94	23.56	22.36	21.16	22.32	22.26	22.67	19.95	18.05	20.34	20.99	20.94	26.21	19.90	21.09	23.00	19.31	19.46	18.80
26.59	32.25	28.96	35.91	33.41	24.32	35.49	29.13	28.19	28.65	25.76	26.05	25.30	27.67	30.92	30.68	30.19	25.43	26.68	32.84	27.05	31.46	28.34	28.12	28.41	30.74	31.41	26.86	27.03	27.32	26.05	29.64	27.66	31.97	27.58	28.87	30.06	32.99	33.27	29.36	28.16	29.15	28.05	24.99	31.40	31.30	27.04	30.30	26.93	28.51	28.37	25.90	30.38	29.16	29.46	26.56	27.62	31.08	24.67	24.63	29.92	28.75	27.52	31.51	32.20	29.72	28.32	26.40	28.45	28.53
32.52	37.29	35.58	36.41	35.53	32.76	38.21	33.66	33.31	32.48	28.44	34.12	29.25	31.69	34.93	34.30	34.28	28.32	33.44	36.85	28.04	38.97	31.80	32.34	30.22	39.44	36.81	32.36	27.03	33.15	31.05	37.22	32.81	36.14	33.33	33.28	33.72	34.15	38.53	34.36	31.65	35.69	31.51	27.74	32.71	34.95	33.65	30.35	34.19	33.63	33.59	27.95	37.82	33.17	32.48	33.20	32.35	34.68	32.35	29.56	34.16	34.46	34.17	32.96	36.18	37.03	34.48	33.99	32.41	33.60
36.85	32.98	39.93	35.78	44.45	35.00	43.04	39.65	36.55	33.61	32.70	33.70	34.97	37.85	34.50	38.32	42.11	36.03	32.94	38.69	29.96	43.46	30.30	39.29	38.63	41.50	38.17	36.96	33.47	35.10	36.31	35.79	36.26	40.21	38.05	36.45	32.02	36.36	38.38	42.61	37.49	37.41	39.63	28.93	35.59	37.17	34.34	34.07	37.57	37.20	34.44	33.17	38.80	36.20	37.11	35.76	37.11	41.31	35.39	38.08	34.17	34.31	39.17	37.31	43.49	35.96	38.59	36.08	37.95	34.55
43.95	40.29	46.96	43.61	49.34	38.25	48.87	48.82	38.39	41.82	40.79	38.58	44.49	48.84	42.21	51.07	42.65	45.28	39.49	43.34	34.90	49.76	38.30	43.76	43.23	44.77	42.54	43.78	38.16	42.12	41.97	42.68	38.36	47.26	45.89	46.33	36.63	41.46	48.24	46.47	47.29	41.26	46.60	35.21	45.19	44.97	35.92	40.35	39.93	43.32	42.53	45.60	43.66	43.75	44.44	42.85	42.74	45.16	39.61	45.17	41.90	41.04	44.64	45.30	47.64	40.24	46.58	37.49	48.15	33.52
